920
818
607
1321
888
771
1175
-220
216
-92
717
242
919
867
733
1059
402
318
937
705
1170
1075
816
189
553
576
390
827
493
545
922
474
76
163
741
8
994
936
709
31
316
178
142
447
304
225
867
113
687
664
242
869
505
381
884
464
198
162
551
302
679
671
529
0
920
818
607
1321
888
771
1175
0
0
0
651
0
881
717
588
1059
402
318
937
705
1170
1075
816
0
517
385
249
816
521
364
903
474
76
163
741
8
994
936
709
0
166
185
66
346
128
111
721
113
687
664
242
869
505
381
884
383
105
100
446
325
664
598
372
0
920
818
607
1321
888
771
1175
-220
216
-92
717
242
919
867
733
1059
402
318
937
705
1170
1075
816
189
553
576
390
827
493
545
922
474
76
163
741
8
994
936
709
31
316
178
142
447
304
225
867
113
687
664
242
869
505
381
884
464
198
162
551
302
679
671
529
0
920
818
607
1321
888
771
1175
0
0
0
651
0
881
717
588
1059
402
318
937
705
1170
1075
816
0
517
385
249
816
521
364
903
474
76
163
741
8
994
936
709
0
166
185
66
346
128
111
721
113
687
664
242
869
505
381
884
383
105
100
446
325
664
598
372
0
580
612
753
985
993
888
815
-266
279
147
400
483
604
702
832
895
820
745
826
847
1025
972
1003
323
562
639
668
892
866
764
963
364
370
269
795
259
957
867
921
-47
318
326
422
505
543
406
850
307
822
765
769
877
846
814
979
344
501
277
772
446
863
801
785
0
580
612
753
985
993
888
815
0
0
0
707
0
784
785
792
895
820
745
826
847
1025
972
1003
0
645
668
618
847
806
736
882
364
370
269
795
259
957
867
921
0
306
250
274
380
360
320
866
307
822
765
769
877
846
814
979
332
298
264
731
373
852
849
812
0
298
327
738
426
765
676
681
-238
270
147
362
483
499
495
784
553
580
696
773
547
822
748
939
323
486
593
621
814
790
718
914
168
399
123
788
236
827
639
913
-47
308
296
422
480
543
381
803
284
787
538
762
764
808
761
924
329
501
252
726
453
797
754
738
0
298
327
738
426
765
676
681
0
0
0
708
0
742
584
792
553
580
696
773
547
822
748
939
0
617
647
618
785
787
689
835
168
399
123
788
236
827
639
913
0
297
242
274
380
360
320
866
284
787
538
762
764
808
761
924
331
298
264
731
373
833
802
812
